1
2
3
4
5
6
7
8
9
10
11
12
14
15
16
17
18
19
20
21
22
23
24
25
26
27
28
29
30
31
32
33
34
35
36
37
38
39
40
41
42
43
44
45
46
47
48
50
51
52
53
54
55
56
57
58
59
60
61
62
63
64
65
66
67
68
69
70
71
72
73
75
76
77
78
79
80
81
82
83
84
85
86
87
88
89
90
91
92
93
94
95
96
97
98
99
100
101
102
103
104
105
106
107
108
109
110
111
112
113
114
115
116
117
118
119
120
121
122
123
124
125
126
127
128
129
130
131
132
133
135
136
137
138
139
141
142
143
144
145
146
147
148
149
151
152
153
154
155
156
157
158
159
160
161
162
163
164
165
166
167
168
169
171
172
173
174
175
176
177
178
179
180
181
182
183
184
185
186
187
188
189
190
191
193
194
195
196
197
198
199
200
201
202
204
205
206
207
208
209
210
211
212
213
214
215
216
217
218
219
220
221
222
223
224
225
226
227
228
229
230
231
232
233
234
235
236
237
238
239
240
241
242
243
244
245
246
247
248
250
251
252
253
254
255
256
257
258
259
260
261
262
263
264
265
266
267
268
269
270
271
272
273
274
275
276
277
278
279
280
281
282
285
286
287
288
289
290
291
292
293
294
295
296
297
298
299
300
303
305
306
307
308
309
310
311
312
313
315
316
317
318
320
321
322
323
326
327
328
329
330
331
332
333
334
335
336
337
338
339
340
341
342
343
345
346
347
348
351
352
353
354
355
356
357
358
359
360
361
362
363
364
365
366
367
368
369
370
371
372
373
374
375
376
377
378
379
380
381
383
384
385
386
387
388
389
390
391
392
393
395
396
397
398
399
400
401
402
403
404
405
406
408
410
411
412
413
416
417
418
419
420
422
423
425
426
428
430
431
432
433
434
435
436
438
439
440
442
444
445
449
450
451
455
456
458
459
460
462
464
465
467
468
469
471
472
474
475
476
479
480
482
483
484
485
486
487
488
489
491
493
494
495
496
497
498
499
500
503
505
506
508
509
510
511
512
513
515
517
518
519
520
521
522
524
525
526
527
528
529
530
531
532
533
535
536
538
539
540
542
543
544
546
547
548
550
551
552
553
554
555
556
557
558
559
560
563
564
565
566
567
568
569
570
571
572
573
574
575
576
577
578
579
580
581
582
583
585
586
587
588
589
590
591
592
593
595
596
598
599
600
601
602
603
604
605
606
607
608
609
610
611
612
613
616
617
618
619
620
621
622
623
625
626
627
628
629
630
631
632
633
635
636
637
638
639
640
641
643
645
646
647
648
650
651
653
655
656
657
658
659
660
661
662
663
665
666
668
669
670
672
673
674
675
676
677
678
679
680
681
682
683
684
685
686
687
688
689
690
691
692
693
694
695
696
697
698
699
700
701
702
703
704
705
706
707
708
709
710
711
712
713
715
716
717
718
719
720
721
722
723
724
725
726
727
728
729
730
731
732
733
735
736
737
738
743
745
746
747
750
751
752
753
754
755
756
757
758
759
760
761
762
763
764
765
766
767
768
769
770
771
772
775
776
777
778
784
787
789
794
797
798
799
800
801
802
803
804
806
807
808
809
810
811
812
813
814
815
816
817
818
819
820
821
822
823
825
826
827
828
829
830
831
832
833
834
835
836
837
838
839
840
841
842
844
845
846
847
848
850
851
852
853
854
855
856
857
858
859
860
861
862
863
864
865
866
867
868
869
871
872
873
874
875
876
877
878
880
881
882
883
884
885
886
887
888
889
890
891
893
894
895
896
897
898
899
900
901
902
903
904
905
906
907
908
909
910
911
912
913
914
915
916
918
919
921
922
923
925
926
927
928
929
931
932
933
934
935
936
938
939
940
941
943
945
947
948
950
951
952
953
954
956
958
959
960
966
967
968
969
970
973
974
975
976
978
979
980
981
982
983
984
985
986
987
988
989
990
991
992
993
994
995
996
997
998
999
1000
1001
1002
1003
1004
1005
1006
1007
1008
1009
1010
1011
1012
1013
1019
1020
1021
1022
1023
1026
1027
1028
1029
1030
1031
1033
1035
1036
1037
1038
1039
1041
1043
1044
1045
1046
1047
1048
1049
1050
1051
1052
1053
1055
1057
1058
1059
1060
1061
1062
1063
1064
1065
1066
1068
1069
1070
1071
1072
1073
1075
1076
1077
1078
1079
1080
1082
1083
1085
1086
1087
1088
1089
1090
1091
1093
1094
1096
1097
1098
1099
1100
1101
1102
1103
1104
1105
1106
1107
1108
1109
1110
1111
1112
1113
1114
1115
1116
1117
1118
1120
1121
1122
1123
1124
1125
1126
1127
1128
1129
1130
1131
1132
1133
1135
1137
1138
1139
1140
1141
1142
1143
1145
1146
1148
1149
1150
1151
1152
1155
1157
1159
1160
1161
1164
1165
1166
1168
1169
1170
1171
1172
1173
1174
1175
1176
1177
1178
1180
1181
1182
1183
1184
1185
1186
1187
1188
1189
1190
1191
1192
1193
1194
1195
1196
1197
1198
1199
1200
1201
1202
1203
1205
1206
1207
1208
1210
1211
1212
1213
1215
1216
1217
1218
1219
1220
1221
1222
1223
1224
1225
1226
1227
1228
1229
1230
1231
1232
1233
1234
1235
1236
1237
1238
1239
1240
1241
1243
1245
1246
1247
1249
1250
1251
1252
1253
1255
1257
1258
1259
1260
1262
1263
1265
1266
1268
1269
1270
1271
1272
1273
1275
1277
1278
1280
1281
1282
1285
1288
1289
1290
1292
1293
1296
1297
1298
1299
1300
1301
1302
1303
1305
1308
1310
1312
1313
1314
1315
1316
1317
1318
1319
1321
1322
1323
1326
1327
1328
1329
1330
1332
1333
1335
1336
1337
1338
1339
1340
1341
1345
1347
1348
1349
1353
1355
1357
1358
1359
1360
1361
1362
1363
1365
1366
1367
1368
1369
1370
1371
1372
1373
1375
1378
1380
1381
1382
1383
1385
1386
1387
1388
1389
1393
1395
1396
1397
1398
1399
1400
1415
1417
1418
1419
1420
1421
1426
1428
1430
1431
1432
1439
1443
1446
1447
1448
1450
1451
1452
1456
1458
1459
1460
1461
1462
1466
1468
1469
1470
1475
1476
1478
1480
1483
1485
1486
1488
1492
1495
1496
1498
1499
1500
1508
1509
1513
1515
1518
1520
1522
1523
1526
1527
1528
1530
1532
1533
1536
1537
1538
1539
1543
1546
1547
1548
1549
1551
1552
1555
1556
1557
1558
1559
1560
1561
1565
1566
1568
1569
1570
1571
1572
1573
1575
1576
1577
1578
1579
1580
1581
1583
1585
1586
1587
1588
1589
1591
1592
1596
1598
1599
1600
1606
1608
1609
1610
1611
1612
1613
1616
1617
1618
1619
1620
1621
1622
1623
1626
1627
1628
1629
1630
1631
1632
1633
1635
1636
1637
1638
1639
1647
1649
1651
1652
1655
1656
1658
1659
1660
1661
1662
1663
1665
1666
1667
1668
1669
1671
1673
1676
1678
1679
1680
1681
1682
1683
1685
1686
1687
1689
1690
1693
1695
1696
1697
1698
1699
1700
1702
1705
1706
1707
1708
1709
1710
1711
1715
1716
1717
1718
1719
1720
1721
1722
1726
1727
1728
1729
1730
1731
1733
1735
1737
1738
1739
1742
1746
1749
1750
1751
1752
1757
1760
1763
1766
1771
1773
1775
1776
1777
1778
1786
1788
1789
1798
1799
1800
1803
1806
1808
1810
1811
1812
1813
1815
1816
1818
1819
1822
1823
1826
1828
1829
1830
1831
1833
1836
1838
1848
1856
1858
1862
1863
1866
1868
1878
1881
1882
1883
1884
1885
1886
1888
1889
1898
1899
1900
1908
1910
1913
1916
1918
1919
1928
1929
1932
1933
1938
1958
1962
1963
1966
1968
1970
1972
1975
1978
1979
1980
1982
1985
1986
1988
1989
1990
1991
1993
1996
1997
1998
1999
2000
2001
2002
2003
2005
2006
2007
2008
2009
2010
2011
2012
2014
2016
2017
2018
2020
2022
2023
2025
2028
2030
2031
2033
2038
2039
2048
2051
2066
2068
2078
2080
2083
2086
2088
2098
2099
2100
2111
2112
2113
2116
2118
2119
2120
2121
2122
2123
2128
2133
2136
2138
2139
2166
2178
2182
2183
2186
2188
2193
2196
2198
2199
2200
2202
2203
2208
2211
2212
2213
2218
2221
2222
2223
2225
2226
2227
2228
2229
2232
2233
2236
2238
2239
2255
2262
2266
2268
2269
2277
2278
2280
2281
2282
2283
2286
2288
2289
2292
2293
2298
2299
2300
2302
2303
2307
2308
2309
2310
2312
2313
2314
2317
2318
2319
2320
2322
2323
2324
2326
2327
2328
2329
2330
2331
2333
2336
2337
2338
2339
2340
2341
2342
2343
2345
2348
2349
2355
2356
2357
2358
2362
2363
2366
2368
2369
2371
2377
2378
2379
2380
2382
2383
2386
2388
2389
2393
2398
2399
2448
2468
2488
2527
2568
2581
2588
2600
2601
2607
2608
2611
2623
2628
2633
2638
2662
2663
2666
2668
2669
2678
2683
2686
2688
2689
2698
2699
2700
2708
2722
2727
2728
2738
2768
2777
2778
2779
2788
2789
2799
2800
2801
2802
2803
2805
2808
2811
2812
2813
2819
2821
2822
2823
2824
2825
2827
2828
2832
2833
2834
2836
2838
2840
2843
2846
2847
2848
2858
2863
2866
2868
2869
2877
2878
2880
2882
2883
2886
2888
2889
2898
2899
2906
2946
2952
2954
2955
2956
2960
2961
2963
2965
3007
3008
3010
3012
3015
3016
3019
3020
3024
3027
3036
3040
3041
3043
3046
3048
3049
3053
3055
3056
3060
3065
3070
3073
3074
3080
3081
3082
3084
3085
3086
3087
3092
3095
3097
3099
3100
3101
3102
3107
3110
3115
3116
3118
3120
3121
3122
3126
3127
3128
3129
3132
3135
3136
3137
3140
3141
3143
3145
3146
3147
3149
3150
3155
3156
3157
3160
3161
3165
3167
3169
3170
3171
3173
3175
3177
3180
3186
3188
3197
3199
3300
3301
3302
3303
3306
3308
3309
3311
3313
3315
3318
3319
3320
3322
3323
3326
3328
3329
3330
3331
3332
3333
3335
3336
3337
3339
3344
3355
3358
3360
3363
3366
3368
3369
3377
3378
3380
3382
3383
3389
3393
3395
3396
3398
3399
3600
3606
3608
3613
3618
3623
3626
3628
3633
3636
3638
3639
3663
3666
3669
3678
3683
3686
3688
3689
3698
3699
3700
3708
3709
3728
3737
3738
3768
3773
3777
3778
3788
3789
3799
3800
3808
3813
3816
3818
3822
3823
3828
3830
3833
3836
3838
3839
3848
3866
3869
3878
3882
3883
3886
3888
3889
3893
3898
3899
3900
3903
3908
3918
3919
3933
3939
3948
3958
3963
3966
3968
3969
3983
3988
3989
3993
3996
3997
3998
3999
4004
4006
4009
4012
4016
4018
4021
4024
4028
4030
4033
4036
4039
4042
4043
4045
4046
4048
4049
4051
4052
4054
4055
4057
4058
4065
4066
4067
4068
4069
4070
4071
4072
4169
4175
4181
4184
4187
4190
4193
4196
4199
4203
4209
4215
4219
4221
4223
4225
4226
4227
4228
4229
4230
4231
4232
4233
4234
4235
4300
4301
4303
4304
4305
4306
4307
4308
4309
4310
4311
4312
4313
4314
4315
4316
4317
4318
4320
4321
4322
4323
4324
4326
4327
4328
4329
4332
4333
4335
4336
4337
4338
4400
4401
4402
4403
4404
4405
4406
4407
4408
4409
4410
4411
4412
4413
4414
4415
4416
4417
4418
4419
4420
4421
4422
4423
4424
4425
4426
4427
4428
4429
4430
4431
4432
4433
4434
4435
4436
4437
4438
4439
4440
4441
4442
4443
4444
4445
4446
4447
4448
4449
4450
4451
4452
4453
4454
4455
4456
4457
4458
4459
4460
4461
4462
4463
4464
4465
4466
4467
4468
4469
4470
4471
4472
4473
4474
4475
4476
4477
4478
4479
4480
4481
4482
4483
4484
4485
4486
4487
4488
4489
4490
4491
4492
4493
4494
4495
4496
4497
4498
4499
4500
4501
4502
4503
4504
4505
4506
4507
4508
4509
4510
4511
4512
4513
4514
4515
4516
4517
4518
4519
4520
4521
4522
4523
4524
4525
4529
4534
4537
4538
4540
4544
4545
4546
4547
4548
4550
4552
4554
4555
4556
4557
4558
4561
4563
4564
4568
4570
4571
4574
4575
4576
4577
4579
4580
4581
4582
4583
4584
4586
4588
4589
4590
4592
4593
4594
4597
4598
4601
4603
4604
4605
4606
4607
4608
4609
4610
4611
4612
4613
4614
4615
4616
5000
5001
5002
5003
5004
5005
5006
5007
5008
5009
5010
5011
5012
5013
5014
5015
5016
5017
5018
5019
5020
5021
5022
5023
5024
5026
5027
5029
5030
5031
5032
5033
5034
5035
5036
5037
5038
5039
5040
5041
5042
5043
5044
5045
5046
5047
5048
5049
5050
5051
5052
5053
5054
5055
5056
5057
5058
5059
5060
5061
5062
5063
5064
5065
5066
5067
5068
5069
5070
5071
5072
5073
5074
5075
5076
5077
5078
5079
5080
5081
5082
5083
5084
5085
5086
5087
5088
5091
5092
5093
5094
5095
5096
5097
5098
5099
5100
5101
5102
5103
5104
5105
5106
5107
5108
5109
5110
5111
5112
5113
5114
5115
5116
5117
5118
5119
5120
5121
5122
5123
5124
5125
5126
5127
5128
5129
5130
5200
5201
5202
5203
5204
5205
5207
5208
5209
5210
5211
5212
5213
5214
5215
5216
5217
5218
5219
5220
5221
5222
5224
5225
5226
5227
5228
5229
5231
5232
5233
5234
5235
5236
5237
5238
5240
5241
5242
5243
5244
5245
5246
5247
5248
5249
5250
5251
5252
5253
5254
5255
5256
5257
5258
5259
5260
5261
5262
5263
5264
5265
5266
5267
5268
5269
5270
5271
5272
5273
5274
5275
5276
5277
5278
5279
5280
5281
5282
5283
5284
5285
5286
5287
5288
5289
5290
5291
5292
5293
5295
5296
5297
5298
5299
5300
5301
5302
5303
5304
5305
5306
5307
5308
5309
5310
5311
5312
5313
5314
5315
5316
5317
5318
5319
5320
5321
5322
5323
5324
5325
5326
5327
5328
5329
5330
5331
5332
5333
5334
5335
5336
5337
5338
5339
5340
5341
5342
5343
5344
5345
5347
5348
5349
5350
5351
5352
5353
5354
5355
5356
5357
5358
5359
5360
5361
5362
5363
5364
5366
5367
5368
5369
5370
5371
5372
5373
5374
5375
5376
5377
5378
5379
5380
5381
5382
5383
5384
5385
5386
5387
5388
5389
5390
5391
5392
5393
5394
5395
5396
5397
5398
5400
5401
5402
5403
5404
5405
5406
5407
5408
5409
5410
5411
5412
5413
5414
5415
5416
5417
5418
5419
5420
5421
5422
5423
5424
5425
5426
5427
5428
5429
5430
5431
5432
5433
5434
5435
5436
5437
5438
5439
5440
5441
5442
5443
5444
5445
5446
5447
5448
5449
5500
5501
5502
5503
5505
5506
5507
5508
5510
5511
5514
5516
5517
5519
5520
5521
5523
5525
5527
5528
5531
5534
5535
5537
5538
5539
5540
5541
5542
5543
5544
5547
5548
5549
5550
5551
5552
5553
5554
5555
5556
5557
5558
5559
5560
5561
5563
5564
5565
5566
5567
5568
5569
5570
5571
5572
5574
5575
5576
5577
5578
5580
5581
5582
5583
5584
5585
5586
5587
5590
5591
5592
5593
5594
5595
5596
5597
5598
5599
5600
5601
5602
5603
5604
5605
5606
5607
5608
5609
5610
5611
5612
5613
5614
5615
5616
5617
5618
5619
5620
5621
5622
5623
5624
5625
5626
5627
5628
5629
5630
5631
5632
5633
5634
5635
5636
5637
5638
5639
5640
5641
5642
5643
5644
5645
5646
5647
5648
5649
5650
5651
5652
5653
5654
5655
5656
5657
5658
5659
5660
5661
5662
5663
5664
5665
5666
5667
5668
5669
5670
5671
5672
5673
5674
5675
5676
5677
5678
5679
5680
5681
5682
5683
5684
5685
5686
5687
5688
5689
5690
5691
5692
5693
5694
5695
5696
5697
5698
5699
5700
5701
5702
5703
5707
5708
5709
5710
5711
5713
5714
5715
5716
5718
5720
5721
5723
5726
5728
5729
5730
5731
5732
5734
5735
5738
5739
5740
5741
5742
5743
5744
5745
5746
5747
5748
5750
5752
5753
5754
5755
5756
5757
5759
5760
5763
5767
5768
5769
5771
5772
5774
5776
5777
5778
5779
5780
5781
5782
5784
5788
5789
5790
5791
5792
5793
5794
5795
5796
5797
5799
5800
5801
5803
5804
5805
5806
5808
5809
5812
5815
5816
5817
5819
5820
5821
5822
5823
5824
5825
5826
5827
5828
5829
5830
5832
5833
5836
5838
5839
5842
5843
5844
5845
5846
5847
5848
5849
5850
5854
5855
5858
5859
5860
5862
5863
5864
5865
5866
5867
5868
5869
5870
5871
5872
5873
5874
5875
5879
5880
5881
5882
5884
5885
5886
5887
5890
5891
5892
5893
5894
5895
5896
5897
5899
5900
5902
5904
5905
5908
5909
5910
5911
5913
5917
5918
5920
5921
5923
5924
5927
5929
5930
5933
5934
5935
5939
5941
5942
5945
5949
5950
5951
5954
5955
5956
5958
5959
5963
5964
5965
5966
5968
5970
5971
5972
5973
5975
5976
5977
5978
5979
5980
5981
5984
5985
5986
5987
5988
5989
5992
5993
5994
5995
5997
5999
6001
6002
6004
6005
6006
6008
6010
6012
6013
6015
6018
6019
6020
6021
6022
6023
6024
6025
6027
6029
6030
6033
6036
6038
6060
6066
6068
6080
6083
6088
6090
6098
6099
6100
6108
6113
6116
6118
6119
6122
6123
6128
6133
6136
6138
6139
6158
6161
6163
6166
6168
6169
6178
6182
6183
6188
6189
6190
6196
6198
6288
6750
6751
6808
6816
6818
6822
6823
6826
6828
6829
6830
6833
6836
6837
6838
6839
6858
6860
6863
6865
6866
6868
6869
6877
6878
6880
6881
6882
6885
6886
6888
6889
6893
6896
6898
6899
7200
7202
7205
7210
7221
7228
7230
7231
7242
7261
7267
7288
7300
7302
7312
7321
7322
7328
7331
7335
7336
7341
7362
7388
8001
8003
8005
8006
8007
8009
8011
8013
8015
8016
8018
8019
8020
8021
8022
8023
8025
8026
8027
8028
8029
8030
8031
8032
8033
8035
8037
8039
8040
8041
8043
8045
8046
8047
8048
8049
8050
8051
8052
8053
8055
8056
8057
8059
8060
8062
8063
8065
8066
8067
8069
8070
8071
8072
8073
8075
8076
8078
8079
8080
8081
8082
8083
8085
8086
8087
8088
8089
8090
8091
8092
8093
8095
8098
8100
8101
8102
8103
8105
8106
8107
8108
8109
8111
8112
8113
8115
8116
8117
8118
8119
8120
8121
8123
8125
8126
8128
8129
8130
8131
8132
8133
8135
8136
8137
8139
8140
8142
8143
8146
8147
8148
8149
8150
8151
8152
8153
8155
8156
8157
8158
8159
8160
8161
8162
8163
8165
8166
8167
8168
8169
8170
8171
8172
8173
8175
8176
8178
8179
8181
8182
8183
8186
8187
8188
8189
8190
8191
8192
8193
8195
8196
8197
8198
8199
8200
8201
8202
8203
8205
8206
8207
8211
8212
8213
8215
8217
8218
8219
8220
8221
8222
8223
8225
8226
8227
8228
8229
8230
8231
8232
8235
8236
8237
8238
8239
8240
8241
8242
8243
8245
8246
8247
8249
8250
8251
8252
8255
8256
8257
8258
8260
8262
8265
8266
8267
8268
8269
8270
8271
8272
8273
8275
8277
8278
8279
8280
8281
8282
8283
8285
8286
8287
8290
8291
8292
8293
8295
8296
8297
8299
8300
8301
8305
8306
8307
8308
8309
8310
8311
8312
8313
8315
8316
8317
8319
8320
8321
8325
8326
8328
8329
8331
8333
8337
8340
8341
8342
8343
8345
8346
8347
8348
8349
8350
8351
8353
8355
8356
8357
8358
8359
8360
8361
8362
8363
8365
8366
8367
8368
8370
8371
8372
8373
8375
8376
8377
8379
8383
8385
8391
8392
8395
8400
8401
8402
8403
8405
8406
8407
8409
8410
8411
8412
8413
8415
8416
8417
8419
8420
8421
8422
8423
8425
8426
8427
8428
8429
8430
8431
8432
8436
8437
8439
8442
8445
8446
8447
8448
8450
8451
8452
8455
8456
8457
8460
8462
8463
8465
8469
8470
8471
8472
8473
8476
8479
8480
8481
8483
8485
8487
8490
8491
8493
8495
8501
8502
8506
8507
8509
8510
8511
8512
8513
8519
8521
8522
8523
8525
8526
8527
8532
8535
8536
8540
8545
8547
8606
9010
9074
9081
9085
9101
9115
9126
9140
9146
9155
9167
9169
9170
9186
9199
9805
9834
9836
9846
9847
10001
10002
10003
10004
10005
10006
10007
10009
10010
10011
10014
10015
10016
10017
10018
10019
10020
10021
10024
10025
10470
10471
10477
10478
10479
10480
10492
10493
10494
10495
10496
10497
10498
10499
11001
11004
11006
11009
11010
11011
11013
11014
11016
11019
11021
11023
11024
11025
11030
11031
11034
11035
11036
11037
11038
11043
11044
11046
11047
11050
11051
11052
11055
11057
11059
11060
11065
11066
11069
11070
11072
11074
11078
11084
11085
11086
11089
11093
11094
11103
11109
11110
11113
11117
11118
11121
11124
11127
11128
11130
11133
11135
11137
11138
11139
11147
11149
11152
11153
11156
11165
11166
11169
11170
11174
11176
11177
11179
11180
11183
11184
11185
11186
11187
11189
11190
11191
11194
11200
11202
11203
11205
11206
11207
11208
11209
11213
11214
11215
11216
11217
11219
11221
11222
11223
11224
11231
11233
11237
11239
11240
11243
11246
11247
11248
11250
11251
11252
11253
11260
11262
11264
11267
11272
11273
11274
11275
11276
11277
11278
11281
11285
11286
11287
11289
11291
11292
11295
11296
11300
11301
11307
11311
11314
11316
11317
11318
11319
11321
11323
11327
11329
11333
11334
11335
11337
11340
11341
11344
11345
11346
11348
11351
11352
11353
11355
11356
11357
11358
11359
11360
11362
11367
11371
11372
11374
11375
11378
11380
11381
11383
11384
11387
11388
11389
11390
11393
11395
11397
11398
11399
11406
11407
11410
11411
11412
11415
11416
11417
11418
11419
11424
11429
11430
11431
11435
11436
11438
11445
11446
11463
11468
11469
11471
11474
11476
11477
11482
11486
11487
11488
11489
11490
11491
11493
11494
11496
11498
11500
11502
11504
11506
11507
11512
11513
11515
11516
11518
11519
11520
11521
11525
11526
11530
11533
11534
11535
11538
11540
11543
11546
11547
11548
11549
11550
11551
11553
11555
11556
11558
11561
11562
11565
11567
11568
11570
11573
11576
11577
11578
11579
11580
11582
11583
11587
11588
11589
11591
11592
11593
11594
11596
11597
11599
11600
11601
11602
11605
11607
11608
11610
11611
11613
11619
11621
11622
11623
11624
11625
11628
11629
11630
11633
11636
11638
11639
11640
11644
11645
11647
11648
11649
11650
11652
11654
11655
11656
11657
11658
11659
11660
11661
11662
11664
11665
11667
11668
11671
11677
11680
11682
11684
11686
11688
11689
11695
11697
11698
11699
11700
11702
11707
11709
11711
11712
11715
11716
11717
11719
11720
11721
11723
11724
11725
11726
11727
11729
11730
11732
11733
11734
11735
11738
11740
11741
11743
11744
11746
11748
11750
11752
11753
11754
11755
11756
11757
11758
11762
11764
11766
11767
11768
11769
11770
11772
11773
11774
11776
11777
11781
11784
11789
11790
11791
11792
11793
11798
11799
11800
11801
11804
11810
11812
11813
11814
11816
11817
11823
11824
11828
11829
11831
11832
11836
11837
11838
11839
11840
11843
11844
11845
11849
11850
11851
11853
11855
11857
11858
11859
11860
11861
11862
11866
11867
11868
11869
11871
11872
11873
11881
11882
11884
11887
11890
11891
11892
11893
11894
11895
11896
11897
11899
11903
11905
11906
11908
11911
11913
11914
11915
11919
11920
11921
11925
11927
11928
11929
11931
11932
11933
11935
11936
11939
11940
11944
11945
11946
11948
11949
11952
11953
11955
11956
11963
11964
11965
11966
11967
11968
11969
11970
11971
11972
11973
11975
11976
11977
11978
11979
11983
11984
11986
11995
11996
11997
11998
11999
12102
12106
12107
12108
12111
12112
12116
12118
12120
12124
12126
12130
12133
12140
12142
12144
12145
12146
12149
12151
12152
12155
12164
12167
12168
12169
12174
12175
12176
12180
12183
12188
12191
12192
12196
12197
12202
12211
12215
12219
12220
12221
12222
12223
12231
12233
12235
12236
12242
12243
12247
12248
12251
12255
12260
12265
12267
12269
12270
12272
12274
12276
12277
12281
12286
12288
12293
12295
12298
12299
12300
12301
12302
12303
12305
12306
12307
12308
12309
12312
12313
12314
12315
12317
12319
12322
12324
12326
12327
12328
12329
12330
12332
12333
12334
12336
12337
12338
12339
12341
12342
12343
12344
12345
12346
12348
12349
12350
12351
12353
12354
12355
12365
12369
12370
12371
12375
12376
12379
12381
12382
12386
12387
12388
12390
12391
12392
12393
12397
12398
12400
12403
12404
12405
12407
12408
12409
12410
12412
12413
12417
12418
12419
12420
12422
12423
12424
12426
12427
12428
12430
12431
12433
12435
12436
12437
12439
12440
12441
12442
12443
12444
12445
12446
12447
12451
12452
12453
12455
12456
12457
12458
12459
12460
12463
12464
12470
12472
12475
12476
12478
12479
12480
12481
12482
12483
12484
12487
12488
12490
12491
12493
12495
12496
12497
12499
12501
12503
12504
12506
12509
12511
12514
12515
12516
12517
12518
12519
12520
12521
12526
12529
12530
12533
12534
12535
12538
12539
12540
12542
12543
12544
12545
12548
12549
12553
12554
12555
12556
12557
12558
12559
12561
12562
12563
12564
12566
12570
12571
12573
12575
12579
12581
12583
12588
12590
12591
12595
12601
12607
12611
12614
12615
12616
12617
12618
12620
12621
12622
12623
12625
12628
12630
12631
12632
12634
12638
12639
12644
12645
12646
12649
12651
12652
12653
12654
12656
12657
12658
12659
12661
12663
12664
12665
12672
12676
12678
12685
12686
12687
12689
12692
12693
12699
12700
12702
12705
12706
12707
12712
12713
12714
12715
12718
12719
12720
12723
12725
12727
12728
12729
12731
12733
12734
12737
12738
12739
12744
12745
12746
12749
12750
12751
12752
12753
12754
12755
12756
12757
12758
12759
12760
12762
12763
12764
12768
12772
12773
12775
12776
12777
12778
12779
12780
12782
12783
12784
12785
12787
12789
12792
12793
12794
12795
12798
12799
12800
12801
12803
12805
12806
12807
12810
12813
12815
12816
12817
12818
12819
12821
12823
12824
12825
12826
12828
12829
12830
12831
12834
12835
12838
12841
12842
12843
12844
12845
12847
12848
12849
12850
12851
12852
12857
12859
12862
12865
12866
12869
12871
12873
12874
12877
12878
12879
12881
12885
12887
12891
12893
12895
12896
12901
12902
12903
12905
12906
12908
12910
12912
12913
12914
12915
12917
12919
12921
12922
12923
12924
12925
12927
12929
12930
12934
12936
12937
12939
12940
12942
12943
12947
12948
12949
12950
12951
12955
12956
12957
12958
12959
12963
12964
12967
12971
12972
12973
12974
12975
12976
12978
12979
12980
12981
12983
12985
12986
12988
12990
12991
12992
12994
12995
12998
12999
13000
13001
13006
13008
13010
13015
13017
13018
13019
13024
13026
13028
13030
13031
13032
13033
13037
13038
13039
13040
13043
13044
13045
13046
13047
13048
13049
13050
13053
13054
13055
13056
13058
13059
13060
13062
13063
13065
13066
13067
13068
13069
13071
13072
13073
13074
13075
13076
13079
13080
13083
13085
13086
13087
13090
13091
13092
13093
13094
13095
13096
13098
13099
13101
13105
13106
13107
13108
13109
13113
13118
13119
13120
13121
13122
13123
13126
13128
13129
13130
13131
13132
13133
13134
13135
13136
13147
13151
13152
13153
13157
13158
13159
13162
13164
13165
13166
13167
13168
13169
13172
13173
13174
13175
13176
13177
13178
13180
13181
13183
13184
13185
13187
13189
13190
13191
13192
13197
13198
13199
13200
13201
13203
13205
13207
13208
13209
13210
13213
13214
13215
13216
13218
13219
13220
13221
13222
13224
13225
13226
13227
13228
13231
13232
13235
13238
13241
13242
13243
13244
13245
13246
13247
13248
13249
13254
13257
13258
13261
13262
13266
13274
13276
13277
13278
13281
13282
13283
13285
13286
13288
13289
13290
13291
13292
13294
13295
13297
13298
13299
13309
13313
13314
13315
13316
13317
13318
13319
13326
13329
13331
13334
13335
13336
13338
13339
13340
13342
13345
13348
13350
13353
13356
13357
13358
13359
13361
13363
13364
13365
13366
13368
13376
13379
13380
13382
13383
13385
13386
13388
13390
13392
13393
13394
13395
13396
13397
13399
13401
13402
13404
13406
13408
13413
13415
13419
13420
13428
13431
13435
13438
13439
13443
13447
13448
13449
13450
13451
13452
13454
13459
13463
13464
13465
13468
13472
13474
13475
13476
13477
13479
13487
13488
13489
13494
13498
13500
13506
13507
13508
13511
13514
13515
13516
13518
13520
13521
13526
13529
13532
13534
13535
13536
13538
13540
13541
13544
13545
13549
13551
13553
13554
13555
13562
13565
13566
13567
13571
13572
13573
13574
13577
13579
13581
13582
13585
13587
13588
13589
13590
13594
13595
13596
13597
13598
13599
13600
13601
13607
13608
13609
13610
13612
13614
13616
13617
13618
13619
13620
13622
13627
13628
13629
13630
13631
13633
13634
13635
13638
13639
13640
13641
13642
13643
13644
13646
13647
13648
13651
13652
13654
13659
13661
13662
13663
13670
13671
13673
13676
13680
13681
13682
13686
13687
13688
13689
13691
13692
13693
13694
13695
13696
13697
13698
13703
13706
13707
13710
13711
13712
13713
13714
13718
13720
13721
13722
13725
13726
13727
13728
13729
13731
13732
13734
13735
13739
13741
13745
13749
13750
13751
13752
13754
13756
13757
13758
13759
13761
13763
13765
13767
13768
13772
13775
13776
13778
13779
13780
13783
13784
13786
13787
13788
13790
13791
13797
13798
13799
13802
13804
13808
13809
13810
13811
13813
13821
13823
13826
13832
13838
13845
13846
13847
13848
13852
13854
13857
13858
13859
13860
13862
13864
13865
13866
13867
13868
13869
13870
13872
13873
13876
13880
13881
13883
13885
13894
13896
13900
13902
13903
13905
13906
13907
13909
13910
13911
13913
13914
13915
13919
13925
13927
13928
13932
13933
13935
13936
13937
13938
13939
13941
13943
13944
13945
13948
13949
13952
13953
13956
13958
13959
13960
13961
13963
13969
13978
13986
13989
13992
13993
13994
14000
14003
14004
14006
14007
14016
14017
14019
14023
14024
14025
14026
14027
14030
14033
14038
14039
14043
14048
14049
14054
14055
14056
14057
14058
14060
14061
14063
14065
14067
14069
14070
14071
14074
14075
14076
14081
14082
14083
14085
14086
14088
14089
14091
14093
14094
14096
14097
14100
14103
14104
14105
14128
14129
14133
14134
14137
14138
14141
14142
14143
14144
14146
14147
14148
14150
14151
14152
14153
14155
14156
14157
14171
14172
14178
14179
14183
14184
14185
14192
14197
14198
14200
14204
14205
14210
14211
14212
14213
14215
14218
14219
14223
14225
14226
14227
14229
14233
14236
14244
14245
14246
14247
14249
14253
14254
14255
14257
14258
14262
14263
14265
14266
14267
14268
14275
14277
14279
14281
14284
14285
14287
14289
14290
14294
14295
14300
14301
14302
14305
14306
14307
14310
14311
14313
14315
14318
14320
14322
14324
14326
14327
14328
14329
14330
14331
14333
14336
14342
14343
14344
14347
14350
14352
14354
14355
14357
14358
14360
14361
14363
14364
14365
14367
14368
14372
14377
14378
14383
14387
14389
14391
14392
14394
14397
14399
14401
14410
14412
14414
14418
14419
14421
14423
14424
14425
14427
14429
14435
14440
14441
14444
14447
14448
14457
14458
14462
14465
14467
14468
14470
14474
14479
14482
14484
14486
14487
14489
14492
14498
14500
14503
14504
14506
14509
14514
14515
14522
14525
14527
14533
14534
14536
14537
14539
14547
14548
14550
14554
14565
14567
14571
14572
14574
14575
14578
14581
14588
14589
14593
14595
14596
14597
14601
14603
14607
14608
14609
14615
14616
14618
14620
14621
14625
14626
14629
14637
14643
14644
14645
14649
14650
14654
14656
14657
14658
14660
14662
14664
14666
14669
14672
14677
14681
14692
14693
14694
14696
14701
14709
14710
14714
14719
14720
14721
14727
14730
14731
14736
14737
14738
14739
14740
14741
14742
14745
14746
14753
14755
14757
14760
14761
14763
14764
14767
14768
14774
14777
14779
14780
14781
14782
14785
14787
14788
14789
14791
14792
14793
14794
14795
14796
14798
14801
14802
14807
14808
14809
14815
14816
14821
14823
14824
14827
14841
14849
14850
14853
14855
14857
14858
14860
14861
14864
14865
14866
14869
14870
14874
14878
14888
14894
14898
14900
14905
14923
14929
14934
14935
14938
14943
14950
14952
14958
14966
14973
14978
14983
14984
14986
14987
14994
15005
15022
15029
15032
15039
15048
15054
15058
15066
15069
15072
15083
15112
15121
15123
15139
15144
15146
15155
15156
15157
15160
15171
15173
15187
15188
15191
15192
15194
15196
15206
15208
15210
15218
15232
15246
15262
15263
15265
15269
15275
15278
15289
15295
15303
15324
15331
15342
15344
15346
15347
15348
15352
15356
15366
15370
15375
15383
15384
15387
15388
15389
15397
15402
15410
15415
15419
15430
15437
15447
15452
15453
15455
15474
15487
15491
15492
15498
15529
15533
15547
15563
15565
15566
15579
15583
15589
15590
15593
15597
15599
15604
15612
15617
15625
15633
15649
15655
15663
15666
15669
15675
15676
15679
15683
15694
15696
15704
15714
15716
15740
15746
15750
15754
15756
15757
15758
15765
15773
15784
15795
15796
15799
15801
15802
15804
15808
15809
15815
15817
15833
15837
15852
15863
15869
15894
15897
15900
15901
15902
15903
15904
15910
15939
15940
15943
15949
15950
15957
15958
15959
15974
15976
15977
15979
15982
16009
16014
16023
16026
16037
16045
16050
16075
16079
16082
16085
16090
16091
16105
16106
16108
16109
16131
16134
16135
16141
16144
16154
16164
16170
16184
16191
16213
16219
16221
16241
16243
16248
16251
16270
16271
16284
16288
16289
16298
16301
16333
16344
16346
16358
16364
16366
16370
16380
16391
16392
16394
16396
16400
16409
16413
16422
16426
16430
16434
16442
16445
16454
16482
16490
16492
16495
16500
16508
16515
16536
16538
16542
16543
16547
16548
16557
16569
16571
16572
16574
16593
16596
16609
16619
16627
16634
16641
16653
16658
16667
16670
16672
16676
16679
16692
16706
16729
16741
16743
16746
16747
16759
16774
16775
16777
16781
16793
16796
16797
16812
16816
16825
16836
16837
16838
16850
16855
16856
16872
16876
16880
16890
16892
16897
16899
16900
16901
16903
16906
16908
16911
16922
16926
16938
16941
16947
16951
16954
16955
16957
16964
16972
16974
16975
16978
16979
16980
16981
16982
16983
16985
16986
16987
16988
16991
16996
16997
17000
17012
17013
17014
17028
17030
17031
17033
17034
17035
17036
17037
17041
17048
17054
17057
17066
17070
17071
17075
17076
17092
17097
17100
17101
17102
17106
17109
17113
17116
17121
17123
17125
17126
17127
17128
17129
17134
17140
17147
17154
17157
17167
17207
17210
17211
17222
17223
17224
17226
17227
17230
17237
17238
17240
17241
17243
17244
17246
17247
17249
17251
17257
17264
17269
17273
17275
17277
17286
17290
17297
17298
17300
17304
17307
17308
17309
17310
17312
17313
17316
17319
17320
17321
17324
17330
17331
17332
17334
17336
17341
17342
17353
17359
17360
17361
17362
17365
17367
17369
17370
17385
17388
17391
17394
17395
17396
17397
17400
17403
17405
17411
17416
17418
17429
17432
17447
17456
17461
17476
17481
17485
17488
17490
17500
17519
17520
17524
17529
17530
17531
17544
17545
17553
17556
17568
17570
17571
17575
17578
17580
17584
17585
17592
17600
17610
17612
17614
17618
17620
17622
17623
17625
17630
17634
17652
17656
17659
17661
17672
17674
17676
17686
17699
17700
17701
17702
17704
17705
17728
17734
17735
17740
17747
17755
17760
17761
17763
17764
17770
17774
17776
17777
17789
17791
17793
17797
17798
17801
17804
17805
17811
17812
17813
17814
17817
17822
17823
17827
17833
17834
17835
17837
17838
17841
17845
17851
17852
17856
17858
17859
17860
17862
17867
17869
17870
17871
17876
17878
17881
17884
17885
17888
17895
17901
17906
17909
17927
17930
17931
17932
17940
17945
17947
17953
17959
17964
17966
17973
17976
17977
17980
17983
17984
17995
17998
18001
18004
18010
18011
18013
18015
18016
18021
18022
18023
18029
18030
18036
18037
18051
18056
18057
18062
18064
18066
18069
18070
18072
18082
18088
18094
18098
18105
18108
18109
18110
18112
18119
18120
18121
18122
18124
18126
18130
18132
18134
18138
18140
18142
18143
18147
18153
18156
18162
18165
18171
18175
18180
18182
18183
18184
18187
18191
18192
18193
18202
18211
18217
18220
18222
18225
18226
18232
18235
18236
18239
18248
18250
18251
18257
18258
18259
18260
18264
18268
18270
18271
18272
18277
18278
18283
18287
18289
18290
18291
18292
18294
18295
18296
18297
18298
18300
18302
18304
18309
18311
18312
18314
18322
18329
18331
18333
18335
18345
18347
18348
18352
18353
18354
18355
18368
18371
18377
18378
18379
18381
18383
18384
18385
18386
18388
18391
18406
18409
18411
18416
18422
18423
18425
18426
18427
18428
18429
18434
18436
18442
18444
18445
18447
18449
18453
18457
18459
18460
18462
18463
18464
18465
18470
18475
18476
18477
18498
18503
18504
18506
18513
18514
18515
18519
18520
18521
18522
18523
18525
18526
18527
18528
18540
18545
18546
18547
18551
18552
18559
18566
18568
18569
18570
18571
18572
18575
18576
18577
18578
18587
18588
18593
18595
18597
18599
18600
18604
18614
18615
18617
18619
18622
18626
18628
18630
18631
18632
18633
18635
18638
18643
18645
18649
18650
18651
18652
18656
18657
18659
18663
18665
18667
18668
18669
18670
18673
18680
18682
18686
18687
18692
18694
18697
18702
18705
18706
18710
18713
18714
18715
18717
18719
18721
18727
18729
18730
18732
18738
18745
18747
18749
18754
18766
18767
18772
18775
18780
18784
18787
18792
18800
18802
18804
18805
18806
18807
18808
18811
18813
18826
18830
18831
18832
18833
18839
18842
18854
18855
18856
18857
18858
18860
18864
18865
18866
18867
18868
18876
18878
18883
18885
18890
18891
18892
18893
18894
18895
18899
18900
18902
18918
18919
18920
18921
18923
18925
18926
18927
18928
18942
18943
18946
18949
18951
18952
18956
18963
18964
18965
18966
18967
18968
18969
18970
18974
18975
18976
18979
18980
18983
18984
18985
18988
18989
18990
18994
18995
19001
19006
19013
19014
19017
19025
19026
19028
19032
19035
19043
19045
19046
19047
19051
19053
19055
19058
19059
19063
19072
19080
19082
19085
19090
19092
19093
19094
19097
19098
19099
19100
19102
19107
19108
19125
19130
19143
19145
19149
19166
19172
19181
19182
19185
19186
19188
19190
19191
19193
19196
19202
19206
19208
19211
19213
19214
19220
19221
19226
19230
19232
19233
19234
19237
19242
19248
19252
19263
19266
19267
19268
19279
19281
19292
19295
19297
19305
19309
19314
19315
19316
19317
19320
19324
19325
19326
19335
19336
19337
19338
19345
19350
19364
19368
19376
19377
19381
19382
19391
19392
19393
19394
19395
19396
19403
19405
19406
19410
19412
19415
19417
19422
19424
19428
19429
19433
19434
19435
19437
19438
19441
19443
19444
19446
19448
19458
19459
19463
19465
19467
19470
19473
19474
19478
19479
19484
19492
19500
19501
19502
19504
19505
19506
19509
19511
19513
19514
19519
19521
19522
19529
19530
19531
19533
19534
19535
19537
19538
19539
19540
19543
19546
19547
19549
19550
19554
19557
19558
19559
19563
19564
19568
19569
19572
19574
19576
19578
19579
19583
19585
19587
19588
19589
19596
19597
19598
19599
19605
19606
19610
19613
19614
19615
19618
19621
19622
19623
19627
19629
19631
19632
19633
19634
19636
19641
19646
19652
19653
19655
19668
19674
19681
19684
19688
19689
19690
19692
19694
19695
19696
19698
19701
19703
19705
19706
19707
19708
19709
19711
19712
19715
19720
19721
19723
19729
19730
19731
19737
19740
19741
19743
19748
19749
19750
19752
19753
19754
19756
19757
19758
19759
19760
19761
19762
19763
19771
19775
19777
19779
19780
19781
19787
19789
19790
19792
19793
19794
19798
19803
19806
19808
19815
19819
19821
19822
19823
19825
19827
19830
19834
19838
19839
19840
19844
19848
19850
19851
19855
19857
19859
19861
19863
19864
19865
19866
19867
19869
19874
19876
19877
19880
19881
19882
19885
19889
19893
19894
19895
19896
19897
19898
19899
19901
19902
19903
19904
19905
19908
19914
19919
19920
19921
19923
19924
19925
19926
19927
19929
19930
19931
19932
19940
19942
19946
19952
19953
19954
19955
19956
19958
19963
19968
19972
19976
19978
19980
19985
19986
19988
19989
19990
19991
19993
19995
19996
19997
19998
19999
20010
20012
20014
20015
20020
20022
20024
20025
20026
20027
20030
20033
20034
20035
20038
20047
20050
20053
20054
20055
20057
20058
20060
20061
20062
20069
20070
20073
20077
20084
20087
20088
20089
20090
20091
20095
20097
20098
20099
20102
20105
20106
20108
20109
20110
20116
20124
20125
20126
20128
20131
20132
20135
20136
20137
20138
20141
20145
20154
20155
20156
20158
20162
20163
20165
20167
20168
20170
20171
20172
20173
20176
20184
20185
20186
20189
20200
20201
20205
20206
20207
20208
20209
20210
20213
20214
20215
20217
20218
20219
20221
20222
20226
20227
20229
20231
20232
20233
20235
20236
20238
20240
20241
20242
20243
20247
20248
20250
20252
20253
20255
20256
20258
20259
20260
20261
20263
20265
20267
20270
20273
20276
20279
20280
20283
20285
20287
20289
20290
20291
20292
20293
20294
20295
20296
20297
20298
20299
20302
20303
20304
20306
20308
20309
20310
20311
20312
20313
20314
20315
20316
20317
20320
20322
20323
20324
20327
20329
20330
20337
20340
20341
20344
20345
20346
20348
20352
20353
20354
20355
20360
20361
20362
20363
20364
20365
20366
20368
20372
20375
20377
20384
20385
20386
20387
20388
20390
20391
20392
20393
20394
20395
20398
20399
20400
20401
20402
20403
20404
20405
20408
20410
20411
20413
20418
20419
20420
20421
20427
20430
20431
20433
20434
20435
20436
20437
20438
20439
20440
20441
20444
20458
20462
20463
20464
20466
20467
20470
20471
20472
20473
20475
20476
20477
20478
20479
20480
20481
20482
20483
20486
20490
20493
20499
20501
20504
20508
20512
20513
20519
20525
20526
20533
20534
20535
20536
20537
20538
20539
20540
20541
20543
20544
20546
20548
20549
20550
20558
20561
20562
20563
20564
20571
20577
20578
20579
20581
20584
20586
20588
20595
20598
20599
20604
20605
20606
20607
20609
20610
20612
20614
20615
20616
20618
20620
20622
20623
20624
20625
20626
20627
20628
20629
20630
20631
20632
20633
20634
20635
20636
20637
20640
20641
20642
20643
20644
20646
20648
20649
20651
20653
20663
20668
20669
20670
20678
20679
20682
20683
20684
20685
20686
20687
20689
20692
20693
20694
20695
20696
20697
20698
20699
20700
20702
20705
20707
20708
20709
20710
20711
20712
20715
20716
20717
20718
20719
20720
20721
20723
20724
20725
20728
20730
20731
20732
20733
20734
20735
20736
20737
20738
20739
20740
20743
20744
20745
20746
20750
20752
20753
20754
20756
20758
20759
20761
20763
20764
20765
20766
20767
20768
20769
20770
20771
20774
20775
20778
20780
20782
20783
20785
20788
20789
20790
20791
20792
20794
20797
20798
20799
20801
20802
20803
20806
20807
20808
20809
20810
20811
20812
20814
20815
20819
20821
20822
20823
20824
20833
20836
20837
20838
20839
20840
20841
20845
20847
20848
20851
20852
20853
20854
20855
20856
20857
20859
20860
20861
20862
20863
20864
20866
20867
20868
20869
20871
20874
20876
20877
20880
20881
20882
20884
20885
20886
20887
20888
20889
20892
20893
20894
20895
20896
20899
20900
20901
20902
20905
20908
20909
20913
20916
20918
20921
20922
20923
20925
20926
20928
20930
20934
20935
20936
20938
20939
20940
20941
20942
20946
20947
20948
20949
20950
20952
20953
20954
20955
20956
20957
20959
20963
20964
20965
20966
20968
20969
20970
20971
20972
20973
20976
20978
20980
20981
20983
20984
20985
20989
20990
20993
20994
20996
20998
20999
21000
21001
21002
21003
21004
21005
21008
21009
21010
21011
21012
21015
21017
21018
21026
21027
21028
21029
21030
21031
21034
21036
21038
21039
21041
21042
21047
21048
21049
21050
21054
21055
21057
21058
21059
21060
21061
21062
21063
21064
21066
21067
21068
21069
21072
21075
21078
21079
21083
21085
21086
21088
21090
21097
21101
21103
21104
21105
21109
21110
21111
21112
21113
21114
21115
21116
21117
21118
21125
21126
21127
21128
21130
21131
21132
21134
21135
21136
21137
21138
21140
21142
21143
21144
21145
21146
21147
21148
21153
21155
21156
21157
21159
21160
21162
21163
21166
21169
21170
21171
21172
21173
21174
21175
21181
21182
21183
21184
21185
21186
21187
21188
21191
21193
21194
21195
21196
21197
21198
21199
21200
21201
21202
21204
21205
21208
21209
21213
21214
21215
21216
21217
21218
21220
21222
21223
21224
21225
21226
21227
21228
21229
21230
21231
21232
21233
21234
21235
21236
21237
21238
21239
21240
21245
21246
21250
21252
21254
21255
21257
21258
21261
21262
21264
21265
21266
21267
21268
21270
21271
21273
21276
21282
21283
21285
21288
21290
21291
21292
21293
21294
21295
21299
21301
21302
21303
21306
21308
21309
21313
21317
21318
21320
21321
21322
21323
21324
21325
21327
21329
21330
21332
21333
21334
21336
21337
21338
21339
21340
21341
21343
21344
21345
21346
21348
21350
21351
21353
21354
21355
21356
21357
21358
21359
21361
21362
21363
21366
21367
21371
21372
21373
21374
21375
21376
21377
21378
21380
21381
21383
21385
21386
21387
21389
21390
21391
21392
21393
21394
21395
21396
21399
21400
21401
21402
21403
21404
21405
21406
21407
21412
21413
21414
21415
21417
21419
21420
21421
21423
21424
21425
21426
21427
21428
21430
21432
21438
21439
21440
21442
21443
21444
21445
21446
21447
21448
21449
21453
21454
21455
21457
21458
21459
21460
21461
21464
21465
21466
21467
21468
21469
21471
21472
21473
21474
21475
21476
21477
21481
21485
21489
21492
21494
21495
21496
21498
21499
21502
21503
21504
21505
21506
21509
21510
21513
21515
21518
21520
21521
21523
21525
21526
21527
21528
21530
21532
21533
21534
21535
21538
21539
21540
21541
21542
21543
21545
21548
21549
21551
21552
21553
21554
21556
21557
21558
21559
21561
21562
21563
21564
21565
21566
21567
21568
21569
21570
21574
21575
21576
21578
21579
21583
21584
21585
21586
21587
21588
21589
21591
21593
21594
21595
21596
21597
21598
21600
21601
21602
21603
21605
21606
21608
21609
21610
21611
21612
21616
21618
21619
21620
21621
21622
21623
21625
21627
21629
21631
21632
21633
21635
21636
21639
21642
21643
21644
21645
21646
21647
21648
21650
21651
21652
21653
21654
21656
21657
21658
21659
21660
21661
21662
21663
21664
21665
21666
21667
21668
21669
21670
21671
21672
21673
21674
21675
21679
21680
21681
21682
21688
21691
21693
21694
21695
21696
21697
21699
21700
21701
21702
21703
21704
21707
21709
21711
21714
21715
21716
21718
21719
21720
21721
21723
21724
21725
21727
21728
21729
21730
21731
21732
21733
21734
21735
21740
21741
21743
21744
21745
21746
21747
21748
21750
21751
21752
21753
21754
21755
21756
21759
21761
21762
21765
21767
21768
21769
21770
21771
21772
21773
21776
21777
21780
21785
21787
21788
21789
21790
21792
21795
21799
21801
21802
21803
21804
21805
21806
21807
21809
21811
21812
21813
21814
21815
21817
21820
21822
21824
21825
21827
21828
21829
21830
21831
21832
21833
21834
21835
21836
21837
21838
21839
21841
21842
21843
21845
21846
21848
21849
21850
21852
21853
21856
21857
21858
21861
21862
21863
21864
21865
21867
21868
21869
21870
21872
21873
21874
21875
21876
21877
21878
21879
21880
21881
21882
21883
21884
21886
21887
21889
21891
21892
21893
21894
21896
21897
21899
21900
21902
21903
21904
21905
21906
21909
21910
21911
21914
21915
21916
21917
21918
21924
21926
21927
21928
21929
21931
21932
21933
21934
21935
21936
21938
21939
21940
21941
21943
21945
21946
21947
21948
21949
21950
21951
21952
21953
21957
21958
21959
21960
21962
21965
21967
21968
21970
21971
21972
21973
21975
21976
21977
21978
21979
21982
21986
21988
21989
21990
21992
21997
22000
22003
22004
22005
22006
22009
22010
22013
22015
22018
22019
22020
22023
22024
22025
22027
22028
22031
22032
22034
22039
22041
22042
22043
22044
22045
22046
22048
22049
22051
22052
22053
22055
22057
22058
22059
22061
22063
22064
22066
22067
22068
22069
22070
22072
22073
22074
22075
22076
22077
22078
22080
22081
22085
22087
22088
22091
22092
22093
22094
22095
22097
22098
22099
22100
22101
22102
22104
22105
22106
22107
22108
22110
22111
22112
22115
22116
22117
22118
22119
22120
22121
22122
22123
22125
22126
22130
22132
22133
22134
22135
22136
22137
22138
22140
22143
22144
22145
22146
22147
22148
22149
22152
22153
22154
22156
22157
22158
22162
22163
22164
22166
22167
22168
22169
22170
22171
22172
22173
22174
22175
22177
22178
22179
22185
22186
22187
22188
22192
22193
22194
22196
22198
22199
22200
22202
22203
22204
22205
22206
22207
22209
22211
22212
22214
22215
22217
22226
22227
22229
22230
22235
22237
22239
22240
22241
22242
22243
22246
22250
22251
22252
22254
22255
22256
22257
22258
22259
22262
22265
22269
22272
22273
22274
22275
22276
22277
22278
22279
22280
22281
22282
22283
22284
22286
22292
22294
22295
22296
22297
22298
22299
22300
22301
22302
22303
22304
22305
22306
22307
22309
22311
22312
22313
22315
22316
22317
22318
22319
22320
22322
22323
22324
22325
22326
22327
22330
22331
22332
22334
22335
22336
22337
22338
22340
22341
22342
22343
22344
22345
22346
22347
22349
22350
22351
22352
22353
22354
22355
22356
22358
22361
22363
22365
22369
22376
22377
22379
22380
22382
22383
22384
22385
22386
22388
22389
22390
22391
22392
22394
22395
22396
22397
22398
22399
22400
22402
22403
22404
22406
22407
22408
22409
22410
22411
22412
22413
22414
22415
22416
22418
22423
22424
22425
22426
22427
22428
22429
22430
22431
22433
22434
22435
22436
22437
22438
22439
22440
22441
22442
22443
22444
22445
22447
22449
22450
22452
22453
22454
22455
22456
22458
22459
22460
22463
22465
22467
22468
22471
22472
22473
22476
22477
22480
22481
22483
22487
22488
22489
22490
22491
22492
22494
22495
22496
22498
22500
22501
22502
22503
22504
22505
22506
22507
22508
22510
22511
22512
22513
22514
22515
22516
22518
22519
22521
22522
22523
22524
22525
22526
22527
22528
22529
22530
22532
22533
22535
22536
22537
22538
22539
22541
22542
22543
22544
22545
22548
22549
22550
22551
22555
22556
22557
22559
22561
22562
22563
22565
22566
22569
22570
22571
22572
22573
22574
22575
22576
22577
22578
22580
22582
22583
22584
22586
22587
22588
22589
22590
22592
22594
22596
22597
22599
22600
22601
22602
22605
22606
22607
22608
22609
22610
22611
22612
22613
22614
22615
22616
22617
22618
22619
22620
22621
22622
22623
22625
22626
22627
22628
22629
22631
22632
22633
22634
22635
22636
22637
22639
22641
22643
22647
22649
22650
22655
22657
22659
22660
22662
22663
22664
22665
22667
22668
22669
22670
22672
22673
22675
22676
22677
22678
22680
22681
22682
22683
22684
22685
22686
22688
22689
22691
22692
22693
22694
22695
22696
22698
22699
22700
22703
22704
22705
22706
22707
22709
22710
22711
22712
22713
22714
22715
22716
22717
22718
22720
22721
22722
22723
22724
22725
22726
22727
22728
22729
22732
22733
22734
22735
22736
22738
22739
22740
22741
22742
22743
22744
22745
22746
22747
22748
22749
22750
22751
22752
22753
22754
22758
22762
22763
22764
22766
22767
22769
22770
22771
22773
22774
22775
22776
22777
22779
22780
22781
22783
22784
22785
22788
22789
22791
22792
22794
22795
22796
22797
22798
22799
22800
22801
22802
22803
22804
22806
22807
22809
22810
22811
22812
22813
22814
22815
22817
22818
22819
22821
22822
22823
22824
22825
22828
22829
22830
22831
22832
22833
22834
22835
22836
22838
22839
22840
22841
22842
22843
22844
22845
22846
22847
22848
22849
22850
22851
22852
22853
22854
22855
22856
22857
22858
22859
22860
22861
22862
22864
22865
22866
22867
22868
22869
22870
22871
22872
22873
22874
22875
22878
22879
22880
22881
22882
22883
22884
22887
22888
22889
22890
22892
22895
22896
22897
22898
22899
22900
22901
22902
22903
22904
22905
22906
22907
22908
22912
22913
22914
22915
22918
22919
22922
22924
22925
22927
22928
22930
22931
22935
22936
22937
22939
22940
22941
22942
22945
22946
22947
22948
22951
22952
22955
22956
22957
22958
22959
22960
22962
22963
22965
22966
22967
22968
22969
22972
22973
22974
22975
22976
22977
22978
22980
22983
22985
22986
22987
22988
22989
22990
22992
22993
22994
22995
22996
22997
22998
22999
23000
23002
23004
23005
23006
23007
23008
23009
23011
23013
23015
23016
23017
23018
23020
23021
23024
23027
23029
23032
23033
23035
23037
23038
23039
23040
23041
23044
23046
23047
23048
23049
23050
23051
23052
23053
23054
23055
23056
23057
23060
23061
23062
23063
23064
23065
23066
23067
23069
23070
23071
23074
23075
23076
23078
23079
23080
23081
23082
23083
23085
23086
23087
23089
23091
23092
23093
23095
23096
23098
23099
23100
23101
23102
23103
23104
23106
23107
23109
23110
23111
23112
23113
23114
23115
23116
23117
23118
23119
23120
23122
23123
23124
23126
23128
23129
23130
23131
23133
23134
23135
23138
23139
23140
23141
23142
23144
23145
23147
23149
23150
23151
23153
23155
23156
23157
23159
23161
23162
23165
23166
23167
23169
23171
23172
23173
23174
23175
23176
23177
23178
23179
23184
23185
23187
23188
23190
23191
23194
23195
23197
23198
23199
23200
23201
23202
23203
23204
23205
23206
23207
23208
23209
23210
23211
23212
23213
23216
23217
23218
23219
23220
23222
23223
23224
23225
23226
23227
23228
23232
23239
23240
23241
23242
23243
23245
23246
23247
23248
23249
23250
23251
23253
23254
23256
23257
23259
23260
23262
23263
23264
23265
23266
23269
23270
23271
23272
23273
23274
23279
23282
23286
23287
23289
23290
23291
23292
23293
23294
23295
23298
23299
23300
23301
23302
23305
23307
23308
23311
23312
23313
23314
23316
23317
23318
23320
23323
23324
23325
23326
23329
23331
23332
23335
23337
23338
23339
23341
23342
23345
23347
23348
23349
23350
23351
23352
23353
23354
23355
23357
23358
23359
23360
23362
23363
23364
23365
23366
23367
23368
23370
23371
23372
23375
23376
23377
23380
23383
23387
23389
23391
23395
23396
23400
23403
23404
23405
23406
23408
23410
23414
23415
23419
23422
23424
23425
23426
23429
23430
23433
23437
23439
23441
23442
23443
23445
23447
23448
23454
23455
23456
23457
23458
23460
23463
23464
23465
23467
23470
23475
23477
23480
23482
23484
23488
23489
23490
23491
23493
23496
23498
23499
23502
23505
23507
23508
23514
23516
23517
23518
23519
23521
23522
23523
23524
23525
23526
23528
23529
23530
23533
23535
23536
23538
23541
23543
23545
23548
23549
23550
23551
23555
23556
23557
23558
23559
23561
23562
23563
23564
23565
23566
23567
23568
23569
23570
23571
23572
23573
23577
23579
23580
23581
23582
23583
23585
23587
23588
23590
23591
23593
23594
23596
23597
23598
23599
23600
23602
23604
23606
23609
23614
23615
23619
23620
23621
23622
23623
23624
23625
23626
23627
23628
23630
23632
23633
23635
23638
23639
23642
23643
23644
23646
23647
23650
23651
23652
23653
23655
23656
23657
23658
23659
23660
23661
23664
23669
23670
23671
23672
23673
23674
23675
23679
23683
23684
23687
23691
23694
23695
23696
23697
23698
23699
23701
23702
23703
23704
23706
23707
23708
23714
23715
23718
23719
23720
23722
23723
23724
23725
23726
23727
23728
23730
23731
23733
23740
23744
23745
23748
23749
23752
23756
23757
23758
23761
23762
23763
23764
23765
23766
23767
23769
23770
23771
23772
23774
23775
23776
23778
23781
23782
23783
23784
23785
23787
23788
23789
23792
23793
23794
23795
23796
23798
23799
23801
23804
23805
23807
23808
23810
23811
23812
23814
23815
23816
23818
23820
23821
23824
23825
23827
23829
23830
23831
23832
23833
23834
23835
23836
23837
23839
23841
23842
23844
23847
23848
23849
23855
23856
23857
23858
23859
23860
23861
23862
23863
23864
23865
23866
23867
23868
23870
23872
23873
23874
23877
23878
23880
23881
23882
23885
23891
23892
23894
23895
23899
23902
23904
23905
23906
23907
23909
23911
23912
23913
23914
23916
23917
23919
23920
23921
23922
23923
23925
23930
23931
23934
23935
23937
23938
23939
23942
23943
23944
23945
23946
23948
23949
23950
23951
23952
23953
23954
23956
23957
23958
23959
23960
23961
23962
23964
23965
23966
23967
23968
23969
23970
23971
23972
23973
23974
23975
23976
23978
23979
23981
23982
23983
23984
23986
23987
23988
23989
23991
23992
23993
23994
23995
23997
24000
24001
24002
24003
24004
24005
24007
24008
24009
24013
24014
24015
24016
24017
24019
24020
24022
24026
24027
24029
24030
24031
24032
24033
24035
24036
24037
24038
24039
24040
24041
24042
24043
24044
24045
24046
24047
24048
24050
24053
24055
24057
24062
24063
24065
24066
24067
24068
24069
24070
24071
24073
24075
24077
24079
24080
24081
24082
24083
24084
24087
24089
24090
24091
24093
24096
24097
24098
24099
24101
24103
24105
24106
24107
24108
24110
24111
24112
24113
24114
24118
24119
24120
24121
24122
24124
24126
24127
24128
24129
24130
24131
24132
24133
24135
24136
24137
24138
24141
24143
24145
24146
24147
24149
24150
24151
24152
24153
24154
24155
24156
24157
24158
24159
24160
24161
24163
24164
24165
24166
24167
24168
24169
24170
24171
24172
24173
24175
24177
24178
24179
24180
24181
24183
24185
24187
24188
24189
24190
24191
24192
24193
24194
24195
24196
24197
24199
24200
24201
24202
24203
24205
24206
24207
24208
24209
24210
24211
24212
24213
24214
24217
24218
24219
24220
24221
24222
24223
24225
24226
24228
24230
24232
24234
24235
24237
24238
24239
24240
24242
24243
24244
24246
24247
24249
24250
24252
24253
24255
24256
24258
24259
24262
24263
24264
24265
24266
24268
24270
24271
24272
24273
24274
24275
24276
24277
24278
24279
24280
24281
24282
24283
24284
24285
24286
24287
24288
24289
24290
24291
24294
24296
24298
24301
24304
24305
24306
24308
24309
24310
24311
24312
24313
24314
24315
24317
24318
24320
24321
24322
24323
24324
24325
24326
24328
24329
24330
24332
24333
24334
24335
24336
24337
24338
24339
24340
24342
24343
24346
24347
24349
24350
24351
24352
24353
24354
24355
24356
24357
24358
24359
24362
24363
24364
24368
24369
24370
24372
24373
24374
24375
24376
24379
24380
24381
24382
24384
24385
24388
24389
24391
24392
24393
24394
24395
24396
24397
24398
24399
24400
24402
24403
24405
24406
24407
24408
24409
24412
24413
24414
24415
24416
24417
24418
24419
24420
24421
24422
24423
24424
24425
24427
24428
24429
24430
24432
24433
24435
24436
24439
24440
24441
24442
24443
24444
24445
24446
24447
24449
24450
24451
24452
24453
24454
24455
24457
24458
24459
24461
24462
24463
24464
24465
24466
24467
24468
24469
24470
24471
24472
24475
24476
24477
24480
24481
24482
24483
24486
24487
24488
24490
24491
24492
24493
24495
24496
24497
24498
24499
24500
24501
24502
24503
24504
24505
24506
24507
24508
24509
24511
24512
24514
24515
24518
24519
24520
24522
24523
24524
24526
24527
24528
24529
24531
24533
24534
24535
24536
24537
24538
24540
24541
24542
24543
24544
24545
24546
24547
24548
24551
24554
24556
24557
24558
24559
24560
24561
24562
24563
24564
24566
24567
24570
24571
24572
24573
24574
24575
24577
24578
24579
24580
24581
24582
24583
24585
24586
24587
24589
24590
24591
24593
24594
24595
24596
24597
24598
24599
24600
24602
24603
24605
24607
24608
24609
24610
24611
24612
24613
24614
24615
24618
24619
24622
24624
24625
24626
24629
24632
24633
24634
24636
24637
24638
24639
24640
24641
24646
24649
24651
24652
24653
24654
24655
24656
24657
24658
24659
24660
24661
24662
24663
24664
24666
24671
24674
24675
24677
24678
24679
24680
24681
24683
24684
24688
24691
24692
24693
24694
24697
24698
24699
24700
24701
24702
24704
24705
24707
24708
24709
24710
24711
24712
24716
24717
24718
24720
24721
24722
24723
24724
24725
24727
24729
24731
24732
24734
24736
24739
24743
24746
24748
24749
24750
24751
24752
24753
24755
24756
24757
24758
24759
24760
24761
24762
24763
24764
24765
24766
24768
24769
24770
24771
24772
24773
24774
24775
24776
24777
24778
24779
24780
24783
24786
24788
24792
24794
24795
24796
24797
24798
24801
24802
24803
24804
24807
24808
24809
24811
24812
24814
24815
24817
24818
24819
24820
24821
24822
24823
24825
24829
24830
24831
24832
24833
24834
24835
24840
24842
24845
24846
24847
24849
24852
24853
24854
24855
24856
24857
24860
24861
24862
24864
24865
24866
24867
24868
24869
24870
24872
24874
24875
24877
24879
24880
24882
24884
24885
24886
24887
24888
24889
24890
24891
24892
24894
24895
24896
24899
24900
24902
24904
24906
24907
24908
24910
24911
24914
24920
24921
24922
24924
24925
24926
24928
24930
24931
24933
24935
24936
24937
24938
24939
24940
24941
24942
24943
24944
24945
24951
24953
24954
24956
24958
24959
24960
24961
24962
24963
24964
24965
24966
24967
24968
24969
24970
24971
24972
24973
24974
24975
24976
24977
24978
24979
24980
24981
24982
24984
24985
24986
24987
24988
24990
24991
24992
24993
24994
24996
24998
25000
25002
25003
25004
25005
25007
25008
25009
25010
25011
25012
25013
25016
25017
25018
25019
25020
25021
25022
25027
25028
25029
25030
25031
25032
25033
25034
25035
25036
25037
25039
25040
25041
25043
25044
25045
25046
25047
25049
25050
25051
25052
25053
25054
25055
25056
25057
25058
25059
25060
25061
25062
25063
25064
25066
25067
25068
25069
25070
25071
25072
25074
25076
25077
25078
25079
25080
25082
25084
25088
25090
25091
25093
25095
25096
25097
25100
25101
25102
25104
25105
25106
25107
25108
25109
25110
25111
25112
25113
25115
25116
25117
25118
25119
25120
25121
25122
25123
25124
25125
25126
25129
25130
25131
25132
25134
25135
25136
25137
25138
25139
25140
25141
25143
25145
25146
25149
25151
25152
25154
25156
25159
25160
25161
25162
25163
25164
25165
25166
25167
25169
25170
25172
25177
25180
25181
25182
25183
25184
25185
25186
25187
25188
25189
25191
25192
25193
25194
25195
25196
25197
25198
25199
25200
25201
25202
25203
25206
25207
25210
25211
25212
25213
25215
25216
25218
25220
25222
25223
25224
25225
25228
25229
25230
25231
25232
25233
25236
25240
25241
25242
25243
25245
25246
25248
25249
25251
25253
25254
25255
25256
25258
25259
25260
25261
25262
25264
25266
25268
25273
25274
25277
25279
25285
25286
25289
25290
25292
25293
25294
25299
25301
25302
25303
25304
25308
25311
25313
25315
25316
25318
25325
25329
25332
25333
25338
25348
25356
25365
25367
25381
25386
25388
25389
25391
25398
25464
25470
25472
25477
25481
25512
25516
25528
25535
25545
25552
25558
25560
25565
25568
25578
25586
25587
25588
25589
25593
25594
25597
25602
25607
25609
25612
25613
25614
25628
25641
25643
25644
25645
25646
25647
25648
25656
25665
25668
25678
25683
25687
25697
25703
25704
25708
25714
25716
25721
25733
25735
25736
25739
25755
25759
25773
25774
25781
25786
25788
25789
25795
25799
25810
25817
25827
25828
25829
25834
25835
25836
25837
25845
25846
25849
25852
25855
25868
25876
25878
25888
25923
25934
25937
25942
25951
25954
25961
25962
25966
25993
26012
26013
26018
26040
26048
26050
26056
26059
26062
26065
26067
26068
26070
26071
26074
26076
26077
26098
26115
26120
26130
26132
26133
26154
26158
26174
26176
26178
26216
26220
26223
26228
26233
26242
26252
26258
26259
26266
26268
26270
26285
26294
26306
26321
26328
26337
26341
26350
26373
26379
26418
26435
26439
26442
26445
26449
26454
26498
26512
26535
26543
26552
26560
26563
26584
26603
26625
26626
26629
26632
26644
26645
26663
26664
26674
26684
26691
26731
26732
26741
26746
26770
26771
26777
26782
26809
26816
26817
26828
26834
26837
26845
26854
26858
26877
26882
26883
26901
26911
26914
26931
26943
26949
26956
26979
26982
26983
26994
27002
27015
27020
27022
27024
27025
27029
27049
27089
27127
27132
27147
27154
27162
27166
27170
27196
27199
27202
27211
27212
27216
27217
27223
27228
27233
27267
27301
27306
27311
27312
27313
27318
27327
27329
27339
27344
27354
27363
27375
27425
27451
27455
27456
27479
27495
27496
27537
27538
27544
27582
27586
27587
27612
27618
27628
27634
27653
27655
27673
27680
27684
27685
27686
27688
27695
27703
27707
27713
27718
27731
27763
27767
27773
27790
27791
27839
27859
27866
27883
27911
27917
27998
28007
28027
28028
28042
28044
28045
28089
28091
28099
28102
28103
28112
28138
28148
28154
28175
28178
28181
28196
28268
28269
28308
28313
28367
28377
28379
28382
28387
28409
28412
28417
28430
28433
28443
28450
28467
28470
28484
28489
28495
28516
28524
28526
28539
28540
28550
28553
28556
28587
28653
28661
28667
28670
28691
28710
28721
28725
28726
28732
28736
28739
28749
28760
28770
28779
28781
28793
28809
28814
28817
28833
28835
28840
28848
28860
28862
28885
28890
28893
28900
28904
28924
28927
28950
28952
28965
28973
28981
28988
28991
28992
28994
29004
29010
29014
29035
29041
29053
29057
29059
29065
29066
29067
29069
29071
29075
29079
29083
29085
29087
29099
29101
29110
29128
29139
29144
29153
29167
29168
29171
29181
29191
29192
29197
29203
29205
29210
29212
29214
29226
29232
29237
29238
29239
29241
29280
29286
29297
29298
29307
29308
29310
29311
29312
29331
29333
29351
29353
29356
29366
29368
29372
29373
29376
29377
29380
29381
29387
29389
29400
29401
29403
29404
29405
29410
29414
29416
29426
29449
29453
29478
29479
29483
29484
29488
29490
29498
29505
29508
29513
29515
29516
29537
29540
29543
29568
29569
29581
29592
29593
29594
29596
29601
29604
29620
29623
29633
29636
29639
29644
29647
29651
29655
29657
29658
29659
29670
29672
29682
29684
29696
29698
29703
29704
29707
29710
29711
29758
29760
29761
29762
29768
29770
29774
29775
29798
29805
29813
29815
29819
29824
29830
29831
29840
29848
29863
29864
29874
29883
29904
29911
29917
29920
29932
29933
29934
29938
29956
29967
29983
29985
29997
29998
57002
57045
57065
57114
57166
57167
57177
57218
57229
57253
57302
57364
57376
57418
57422
57449
57455
57472
57531
57553
57561
57619
57698
57699
57725
57739
57744
57774
57795
57799
57932
57935
57954
58020
58021
58076
58077
58089
58116
58129
58140
58152
58154
58167
58210
58211
58212
58229
58270
58287
58298
58306
58372
58380
58398
58420
58460
58482
58532
58552
58602
58685
58697
58707
58708
58710
58714
58731
58755
58772
58778
58784
58785
58803
58809
58812
58819
58823
58831
58834
58836
58840
58846
58853
58896
58909
58910
58911
58937
58947
58955
58956
58957
58962
58963
58965
58971
59005
59006
59016
59022
59050
59051
59052
59053
59054
59055
59056
59067
59069
59070
59079
59083
59097
59099
59104
59105
59106
59120
59121
59143
59158
59160
59161
59164
59181
59182
59186
59187
59188
59189
59225
59226
59250
59282
59283
59285
59311
59365
59366
59414
59428
59429
59430
59443
59445
59446
59448
59458
59541
59564
59591
59592
59598
59604
59630
59635
59638
59675
59684
59685
59691
59692
59693
59726
59754
59758
59763
59792
59795
59796
59798
59799
59800
59801
59802
59803
59828
59831
59839
59881
59882
59886
59887
59894
59914
59915
59942
59957
59968
60001
60003
60004
60005
60006
60029
60033
60034
60040
60042
60043
60044
60045
60046
60047
60048
60049
60050
60051
60059
60060
60061
60062
60068
60072
60080
60081
60087
60088
60092
60094
60095
60098
60099
60102
60103
60104
60105
60107
60108
60112
60116
60118
60121
60124
60125
60128
60130
60135
60136
60138
60141
60151
60155
60157
60159
60161
60162
60164
60165
60166
60167
60168
60170
60172
60173
60175
60177
60178
60184
60189
60191
60192
60196
60204
60205
60206
60207
60210
60212
60214
60215
60216
60217
60218
60219
60220
60221
60222
60224
60226
60227
60232
60233
60235
60236
60238
60250
60252
60259
60278
60281
60287
60288
60293
60296
60297
60300
60301
60302
60304
60311
60314
60318
60328
60336
60340
60366
60374
60376
60377
60378
60379
60381
60383
60385
60389
60391
60393
60398
60407
60408
60411
60413
60415
60416
60420
60433
60434
60442
60445
60452
60462
60466
60472
60476
60478
60487
60490
60495
60496
60502
60503
60506
60508
60509
60513
60515
60517
60519
60520
60522
60530
60531
60534
60535
60539
60544
60546
60548
60550
60561
60562
60564
60567
60568
60569
60576
60578
60580
60581
60582
60583
60584
60591
60606
60608
60609
60613
60614
60616
60619
60622
60625
60630
60636
60641
60643
60644
60646
60647
60649
60668
60670
60672
60674
60678
60684
60691
60698
60699
60702
60703
60705
60706
60708
60733
60734
60736
60745
60748
60749
60761
60762
60766
60768
60774
60775
60777
60782
60783
60791
60794
60797
60799
60807
60810
60813
60814
60815
60817
60820
60826
60829
60830
60831
60837
60840
60841
60844
60853
60857
60859
60860
60863
60864
60872
60876
60878
60880
60881
60883
60884
60887
60889
60891
60892
60895
60899
60902
60907
60908
60910
60911
60913
60914
60915
60924
60925
60928
60929
60930
60938
60939
60949
60952
60959
60962
60966
60967
60968
60969
60974
60976
60979
60986
60988
60996
60997
61002
61003
61004
61008
61009
61021
61026
61033
61038
61048
61054
61055
61061
61062
61065
61070
61071
61072
61075
61078
61080
61083
61086
61088
61096
61110
61113
61125
61129
61136
61144
61149
61158
61162
61163
61165
61166
61167
61174
61175
61180
61181
61182
61183
61189
61196
61198
61200
61202
61203
61206
61207
61212
61213
61218
61221
61222
61223
61228
61229
61230
61231
61235
61236
61241
61243
61246
61247
61249
61252
61257
61259
61262
61263
61264
61266
61267
61268
61269
61270
61274
61284
61294
61300
61302
61305
61306
61310
61317
61328
61337
61338
61340
61341
61344
61345
61348
61349
61351
61352
61362
61377
61382
61384
61399
61407
61412
61417
61420
61421
61425
61426
61432
61437
61439
61445
61446
61447
61450
61452
61466
61468
61469
61476
61487
61488
61489
61492
61493
61494
61501
61511
61518
61519
61523
61527
61530
61533
61535
61540
61542
61544
61549
61550
61551
61553
61555
61556
61558
61559
61564
61565
61569
61573
61577
61584
61592
61593
61594
61595
61600
61601
61603
61607
61608
61611
61613
61614
61618
61620
61621
61636
61638
61639
61640
61643
61649
61651
61654
61655
61657
61658
61665
61668
61676
61677
61678
61680
61683
61684
61688
61696
61698
61700
61702
61704
61706
61707
61708
61717
61728
61729
61730
61737
61739
61743
61759
61761
61764
61775
61779
61783
61786
61791
61792
61799
61802
61806
61807
61810
61814
61819
61825
61829
61833
61849
61865
61867
61868
61870
61871
61894
61897
61899
61905
61909
61911
61920
61922
61924
61938
61940
61941
61942
61948
61952
61956
61958
61963
61965
61966
61968
61973
61978
61983
61984
61985
61986
61989
61992
62002
62006
62013
62022
62027
62028
62038
62051
62053
62060
62086
62099
62118
62120
62134
62140
62142
62145
62146
62149
62151
62154
62176
62179
62188
62190
62196
62201
62205
62206
62211
62214
62215
62216
62218
62219
62220
62222
62226
62228
62240
62245
62248
62261
62267
62268
62269
62273
62282
62286
62298
62301
62305
62306
62310
62315
62317
62321
62334
62335
62338
62345
62349
62350
62357
62359
62361
62368
62370
62371
62373
62374
62375
62376
62377
62392
62393
62396
62399
62401
62402
62406
62408
62409
62410
62411
62413
62429
62432
62433
62434
62438
62443
62444
62446
62449
62451
62454
62459
62466
62468
62476
62482
62484
62487
62490
62499
62501
62502
62508
62512
62517
62518
62526
62527
62529
62537
62538
62542
62543
62545
62547
62548
62550
62551
62552
62556
62557
62562
62564
62568
62571
62572
62573
62574
62577
62583
62595
62605
62607
62614
62620
62621
62622
62626
62629
62630
62642
62644
62645
62648
62649
62650
62655
62657
62663
62673
62677
62681
62688
62691
62702
62704
62706
62711
62712
62714
62720
62721
62727
62728
62730
62733
62734
62735
62736
62739
62741
62744
62745
62747
62748
62749
62754
62756
62758
62766
62772
62773
62777
62779
62780
62782
62783
62784
62786
62787
62789
62790
62791
62795
62796
62798
62802
62803
62804
62808
62809
62812
62815
62817
62826
62827
62829
62830
62831
62834
62838
62841
62843
62851
62852
62854
62857
62862
62863
62870
62871
62874
62881
62882
62886
62887
62890
62891
62894
62897
62898
62899
62900
62908
62910
62911
62912
62913
62914
62917
62922
62928
62929
62935
62937
62940
62947
62949
62962
62964
62965
62977
62978
62981
62982
62988
62990
62991
62992
62993
62994
62997
63002
63006
63008
63011
63012
63016
63018
63019
63025
63028
63037
63041
63049
63053
63055
63057
63058
63059
63064
63068
63074
63076
63078
63081
63086
63088
63091
63092
63094
63101
63102
63103
63107
63110
63111
63119
63120
63121
63124
63126
63131
63133
63134
63135
63136
63139
63140
63142
63151
63156
63161
63166
63170
63172
63173
63179
63198
63204
63217
63222
63234
63247
63255
63256
63264
63268
63269
63277
63279
63281
63285
63286
63287
63290
63295
63297
63302
63304
63308
63309
63312
63313
63316
63317
63322
63325
63328
63329
63331
63345
63348
63353
63355
63358
63362
63366
63371
63380
63381
63382
63384
63386
63387
63393
63395
63397
63398
63401
63403
63404
63408
63412
63414
63419
63422
63425
63426
63428
63429
63433
63442
63453
63458
63461
63462
63467
63475
63476
63488
63492
63498
63503
63508
63512
63515
63522
63537
63540
63553
63555
63559
63560
63561
63563
63566
63572
63586
63589
63594
63595
63596
63598
63605
63609
63610
63614
63615
63631
63637
63638
63653
63655
63658
63676
63678
63710
63720
63724
63730
63734
63735
63738
63739
63744
63759
63774
63775
63781
63790
63792
63795
63797
63800
63801
63802
63805
63807
63808
63809
63820
63821
63826
63827
63833
63834
63837
63841
63846
63849
63853
63855
63858
63859
63864
63867
63869
63876
63882
63890
63893
63899
63906
63907
63908
63911
63912
63913
63914
63916
63917
63919
63920
63921
63923
63924
63925
63926
63927
63928
63930
63934
63941
63944
63946
63947
63952
63953
63954
63955
63956
63964
63966
63967
63969
63970
63976
63981
63987
63989
63993
64000
64003
64004
64006
64012
64014
64015
64016
64018
64021
64026
64029
64030
64036
64040
64041
64046
64048
64052
64054
64058
64059
64061
64065
64067
64069
64077
64079
64080
64085
64088
64095
64102
64103
64106
64108
64109
64112
64116
64122
64124
64131
64134
64135
64136
64140
64141
64142
64143
64144
64145
64147
64149
64150
64151
64154
64155
64157
64158
64167
64169
64181
64186
64189
64192
64197
64198
64199
64203
64204
64205
64207
64209
64210
64216
64217
64220
64222
64223
64230
64231
64234
64236
64237
64238
64240
64247
64253
64263
64271
64276
64277
64282
64291
64292
64296
64297
64298
64300
64303
64304
64305
64306
64307
64308
64311
64312
64316
64318
64335
64336
64338
64339
64342
64346
64349
64358
64359
64363
64364
64365
64366
64369
64370
64371
64376
64378
64379
64381
64392
64395
64397
64398
64451
64453
64454
64456
64457
64461
64465
64466
64467
64471
64472
64477
64479
64483
64484
64486
64489
64493
64494
64499
64506
64511
64514
64518
64520
64526
64528
64529
64530
64531
64532
64534
64536
64539
64541
64543
64548
64552
64559
64564
64566
64573
64575
64579
64582
64583
64586
64595
64599
64601
64606
64608
64610
64612
64620
64624
64639
64658
64665
64672
64675
64679
64680
64681
64684
64685
64692
64693
64698
64701
64707
64713
64721
64728
64733
64736
64738
64739
64740
64741
64743
64745
64747
64751
64754
64756
64762
64766
64767
64770
64772
64775
64780
64782
64784
64792
64794
64799
64810
64820
64822
64825
64826
64827
64829
64830
64832
64833
64835
64837
64839
64840
64841
64842
64844
64845
64847
64848
64849
64850
64852
64856
64857
64862
64865
64866
64875
64876
64877
64878
64879
64881
64885
64888
64889
64891
64892
64903
64905
64908
64909
64911
64912
64917
64919
64920
64922
64924
64927
64928
64929
64930
64931
64933
64934
64935
64938
64939
64942
64943
64944
64945
64946
64947
64948
64949
64951
64952
64953
64954
64956
64957
64960
64964
64965
64969
64973
64976
64983
64987
64988
64992
64996
65004
65007
65017
65018
65026
65027
65030
65031
65033
65035
65036
65037
65038
65039
65042
65045
65052
65054
65058
65063
65065
65079
65080
65081
65083
65084
65086
65087
65088
65089
65091
65098
65100
65101
65102
65106
65113
65134
65136
65137
65139
65145
65147
65148
65149
65152
65154
65160
65165
65167
65169
65170
65172
65176
65182
65183
65184
65185
65188
65192
65193
65195
65196
65200
65201
65210
65212
65217
65218
65220
65221
65222
65226
65227
65228
65234
65239
65243
65245
65248
65249
65251
65252
65257
65258
65262
65269
65271
65273
65275
65277
65280
65281
65283
65284
65289
65293
65296
65297
65300
65302
65305
65317
65322
65325
65326
65329
65330
65335
65336
65339
65342
65357
65358
65360
65362
65363
65365
65373
65375
65387
65389
65390
65391
65392
65393
65395
65401
65409
65410
65420
65421
65422
65425
65426
65428
65431
65434
65435
65437
65440
65444
65446
65447
65453
65454
65455
65456
65459
65460
65465
65469
65473
65483
65487
65490
65496
65497
65498
65502
65503
65504
65512
65513
65515
65525
65527
65531
65543
65544
65546
65549
65556
65557
65561
65565
65567
65568
65571
65572
65575
65577
65580
65584
65590
65591
65593
65594
65597
65611
65617
65622
65647
65648
65662
65668
65670
65673
65677
65678
65679
65690
65694
65697
65708
65740
65741
65743
65746
65761
65782
65790
65805
65823
65841
65843
65861
65869
65876
65898
65905
65910
65912
65920
65922
65927
65928
65936
65938
65941
65956
65965
65967
65968
65982
66017
66018
66023
66025
66026
66030
66037
66054
66056
66079
66099
66103
66106
66107
66109
66110
66112
66116
66118
66132
66133
66136
66142
66143
66145
66146
66150
66153
66159
66165
66167
66201
66202
66207
66220
66221
66222
66230
66231
66233
66240
66244
66246
66247
66251
66252
66253
66254
66260
66280
66285
66288
66292
66294
66298
66300
66302
66304
66307
66308
66309
66310
66316
66317
66319
66320
66321
66325
66326
66328
66329
66337
66344
66379
66385
66388
66403
66404
66412
66421
66426
66427
66428
66432
66433
66434
66437
66441
66449
66451
66457
66465
66476
66495
66501
66502
66503
66504
66506
66507
66514
66517
66526
66527
66528
66543
66544
66545
66551
66552
66553
66555
66556
66561
66573
66580
66583
66611
66612
66613
66630
66634
66637
66647
66665
66671
66673
66676
66684
66691
66696
66698
66702
66707
66712
66721
66729
66737
66771
66777
66783
66793
66804
66807
66834
66837
66851
66862
66865
66866
66871
66913
66915
66916
66919
66920
66928
66932
66933
66935
66937
66938
66942
66946
66957
66960
66961
66972
66989
66993
67018
67019
67024
67025
67032
67037
67039
67043
67051
67065
67071
67078
67085
67110
67113
67114
67116
67121
67127
67128
67132
67133
67135
67144
67146
67150
67155
67158
67184
67193
67196
67220
67221
67229
67239
67241
67242
67243
67245
67246
67255
67258
67263
67264
67265
67267
67270
67282
67283
67287
67300
67301
67302
67306
67308
67325
67345
67363
67371
67379
67388
67401
67403
67404
67407
67412
67413
67414
67415
67416
67419
67425
67431
67432
67433
67435
67440
67441
67450
67451
67464
67466
67469
67470
67474
67477
67483
67484
67486
67489
67492
67494
67495
67497
67498
67500
67501
67502
67506
67508
67509
67512
67514
67515
67520
67525
67526
67530
67534
67536
67537
67538
67544
67548
67553
67556
67561
67567
67569
67572
67577
67581
67583
67584
67585
67586
67587
67588
67590
67593
67596
67599
67601
67602
67607
67617
67625
67626
67629
67637
67651
67662
67673
67676
67685
67688
67689
67718
67726
67727
67731
67733
67736
67749
67755
67756
67762
67764
67765
67766
67768
67775
67777
67779
67780
67781
67784
67789
67790
67797
67799
67805
67808
67809
67814
67818
67824
67827
67828
67831
67836
67838
67840
67841
67843
67845
67847
67852
67853
67854
67855
67857
67859
67863
67864
67865
67867
67868
67869
67871
67872
67876
67878
67880
67886
67888
67895
67898
67900
67901
67904
67905
67906
67909
67911
67912
67914
67915
67916
67919
67920
67921
67922
67925
67937
67941
67945
67947
67952
67956
67959
67965
67969
67970
67972
67974
67977
67981
67984
67986
67993
67994
67995
67996
67998
68000
68001
68007
68008
68009
68010
68011
68012
68014
68018
68021
68024
68027
68030
68034
68036
68040
68042
68045
68046
68050
68051
68052
68056
68059
68060
68061
68062
68078
68079
68081
68092
68093
68096
68097
68106
68109
68111
68114
68115
68129
68143
68158
68159
68160
68161
68166
68167
68174
68179
68181
68186
68190
68194
68195
68200
68201
68203
68208
68210
68212
68214
68215
68218
68219
68237
68238
68239
68243
68245
68248
68252
68255
68256
68258
68259
68263
68267
68273
68274
68275
68276
68277
68282
68283
68284
68285
68286
68287
68288
68290
68291
68293
68297
68298
68300
68308
68315
68316
68317
68323
68324
68325
68326
68331
68332
68336
68341
68343
68346
68350
68352
68354
68355
68357
68367
68368
68373
68376
68389
68390
68391
68398
68403
68404
68405
68406
68407
68408
68410
68412
68413
68417
68421
68424
68431
68434
68436
68438
68440
68441
68443
68446
68448
68451
68455
68458
68460
68462
68464
68465
68468
68469
68475
68476
68481
68485
68486
68491
68497
68499
68500
68502
68504
68506
68510
68513
68528
68529
68531
68534
68535
68536
68537
68538
68539
68546
68547
68557
68559
68568
68571
68572
68576
68583
68585
68596
68597
68601
68606
68607
68610
68619
68621
68628
68629
68633
68634
68637
68638
68645
68648
68650
68651
68656
68658
68660
68662
68663
68671
68672
68673
68674
68675
68684
68689
68691
68695
68698
68700
68701
68702
68707
68709
68713
68716
68717
68718
68719
68724
68726
68734
68740
68742
68746
68754
68756
68757
68767
68769
68771
68774
68775
68777
68779
68785
68786
68787
68792
68795
68800
68806
68809
68811
68818
68824
68839
68840
68846
68847
68848
68849
68850
68853
68859
68861
68870
68872
68874
68882
68884
68887
68888
68892
68894
68896
68897
68898
68901
68908
68919
68926
68931
68933
68936
68938
68940
68941
68942
68948
68949
68950
68955
68968
68976
68979
68989
68993
68994
68995
68998
69001
69008
69009
69012
69013
69019
69020
69024
69025
69026
69027
69029
69030
69034
69037
69038
69039
69044
69050
69053
69056
69060
69067
69068
69071
69073
69075
69077
69078
69096
69098
69099
69100
69104
69106
69107
69108
69111
69116
69124
69125
69126
69133
69134
69135
69141
69142
69153
69155
69156
69157
69163
69164
69167
69169
69170
69174
69175
69176
69177
69178
69184
69185
69187
69188
69196
69197
69211
69213
69216
69217
69219
69221
69222
69227
69228
69229
69233
69235
69236
69239
69241
69242
69248
69249
69250
69251
69252
69254
69261
69264
69272
69275
69280
69281
69282
69285
69286
69288
69289
69290
69292
69293
69294
69296
69297
69301
69302
69303
69305
69306
69311
69312
69313
69316
69322
69323
69324
69331
69338
69339
69340
69341
69344
69345
69366
69368
69369
69371
69372
69375
69377
69379
69380
69381
69382
69393
69395
69396
69397
69398
69400
69401
69402
69404
69405
69411
69412
69413
69415
69419
69421
69422
69424
69426
69428
69432
69433
69434
69436
69444
69446
69449
69450
69454
69455
69459
69460
69462
69463
69465
69466
69470
69471
69473
69474
69476
69493
69495
69496
69505
69506
69509
69512
69516
69517
69519
69520
69524
69525
69526
69528
69538
69552
69553
69555
69556
69559
69561
69563
69564
69565
69566
69567
69568
69570
69574
69576
69577
69579
69580
69581
69585
69586
69588
69589
69590
69591
69593
69594
69595
69597
69598
69599
69600
69603
69604
69606
69612
69616
69617
69620
69626
69627
69628
69629
69631
69632
69633
69634
69637
69639
69650
69655
69656
69657
69658
69659
69662
69664
69668
69669
69678
69680
69682
69683
69686
69687
69688
69690
69691
69694
69700
69701
69705
69708
69719
69725
69728
69729
69733
69736
69744
69745
69747
69748
69749
69752
69754
69755
69758
69762
69766
69768
69769
69773
69777
69778
69781
69783
69784
69785
69786
69791
69792
69796
69797
69798
69799
69800
69805
69809
69811
69817
69818
69819
69824
69825
69827
69840
69841
69842
69844
69845
69848
69852
69854
69856
69857
69858
69859
69860
69862
69864
69867
69869
69873
69875
69876
69877
69879
69881
69882
69883
69885
69891
69893
69895
69900
69903
69906
69907
69908
69909
69910
69911
69912
69930
69931
69939
69944
69945
69946
69950
69951
69953
69956
69960
69961
69964
69965
69966
69970
69972
69973
69974
69979
69980
69982
69983
69985
69989
69993
69995
69996
69997
69999
80737
82805
82808
82811
82813
82822
82823
82828
82832
82833
82834
82836
82843
82846
82847
83008
83010
83012
83053
83074
83081
83085
83095
83100
83101
83107
83115
83118
83120
83122
83126
83127
83128
83129
83132
83136
83137
83140
83146
83147
83149
83150
83155
83156
83167
83168
83169
83170
83180
83186
83188
83197
83199
84602
85700
85701
85717
85719
85721
85723
85725
85726
85727
85728
85729
85730
85731
85732
85733
85734
85735
85904
85905
85912
85928
85930
85931
85933
85934
85936
85948
85955
85963
85964
85989
85990
85993
85998
86000
86001
86603
86604
86605
86609
86610
86611
86612
86614
86617
86618
86619
86620
86621
86623
86624
86627
86628
86629
86630
86631
86632
86633
86634
86635
86637
86638
86639
86640
86641
86642
86643
86644
86645
86646
86647
86648
86649
86650
86651
86652
86653
86654
87001
